2359
2208
3067
1647
2451
1730
773
1673
2939
1332
547
3208
84
329
2515
1471
2028
1782
2098
86
934
2129
3216
1247
1417
637
330
661
2629
2379
941
2010
412
2846
2391
3014
1073
99
359
352
1852
588
2421
1631
2223
633
393
164
991
244
816
2630
3285
758
2863
1655
113
935
2513
473
368
369
2710
1930
1643
2741
1394
2717
1093
2606
1023
1890
2683
2066
2973
248
1472
2583
2205
402
3263
1293
2416
1550
3119
1799
477
1547
1962
546
1798
2934
2782
1550
2074
1987
57
1848
3064
3294
757
154
2017
1187
482
246
857
857
2372
1405
1768
61
3204
1252
1244
2749
2587
726
1509
2253
2136
1761
1756
614
556
430
3222
529
1580
2773
486
2948
1250
1739
3012
2351
2450
1252
548
364
2237
576
793
3249
1487
171
2351
1039
1185
2118
3292
3292
1643
565
2116
1367
3003
3231
1302
2048
819
2010
2565
1646
1242
1282
480
1987
3210
99
606
757
878
1533
1506
3328
2167
612
2765
1517
1579
847
667
1455
2342
246
2980
2871
2590
1391
2442
661
1489
2031
433
2215
3280
937
110
1037
2262
2116
1378
95
1734
2171
821
2374
1562
61
1525
321
803
359
2316
1005
2036
2125
1233
944
1820
1414
296
287
1778
2415
1378
1835
276
1099
1767
1989
2409
1783
2768
1117
10
744
926
2488
2867
1226
2716
2707
2063
2247
404
2628
1130
2903
2668
1668
769
2271
1871
679
2359
2208
3067
1647
2451
1730
773
1673
2939
1332
547
3208
84
329
2515
1471
2028
1782
2098
86
934
2129
3216
1247
1417
637
330
661
2629
2379
941
2010
412
2846
2391
3014
1073
99
359
352
1852
588
2421
1631
2223
633
393
164
991
244
816
2630
3285
758
2863
1655
113
935
2513
473
368
369
2710
1930
1643
2741
1394
2717
1093
2606
1023
1890
2683
2066
2973
248
1472
2583
2205
402
3263
1293
2416
1550
3119
1799
477
1547
1962
546
1798
2934
2782
1550
2074
1987
57
1848
3064
3294
757
154
2017
1187
482
246
857
857
2372
1405
1768
61
3204
1252
1244
2749
2587
726
1509
2253
2136
1761
1756
614
556
430
3222
529
1580
2773
486
2948
1250
1739
3012
2351
2450
1252
548
364
2237
576
793
3249
1487
171
2351
1039
1185
2118
3292
3292
1643
565
2116
1367
3003
3231
1302
2048
819
2010
2565
1646
1242
1282
480
1987
3210
99
606
757
878
1533
1506
3328
2167
612
2765
1517
1579
847
667
1455
2342
246
2980
2871
2590
1391
2442
661
1489
2031
433
2215
3280
937
110
1037
2262
2116
1378
95
1734
2171
821
2374
1562
61
1525
321
803
359
2316
1005
2036
2125
1233
944
1820
1414
296
287
1778
2415
1378
1835
276
1099
1767
1989
2409
1783
2768
1117
10
744
926
2488
2867
1226
2716
2707
2063
2247
404
2628
1130
2903
2668
1668
769
2271
1871
679
