349
391
3126
1992
1406
2650
967
3110
1262
1476
1845
626
688
2333
2911
2416
228
1060
3046
1365
1654
91
1023
42
47
1465
1797
1604
2861
50
640
472
2984
334
604
365
103
406
2956
2069
2286
1240
637
1828
1467
556
2446
506
3252
1938
2802
2527
1277
128
849
1714
2596
251
1473
2156
3140
1591
1984
1775
3209
1225
1361
794
1813
956
60
2078
1146
22
3183
1099
2265
3065
1418
2008
3128
2255
1006
699
3289
864
2725
3191
616
1135
288
1723
2041
1616
2870
2936
2733
1537
1453
766
1821
3324
1025
1611
3176
1451
861
1279
2323
2747
2112
533
2478
2538
1016
342
2405
3093
2023
3205
28
1476
240
2901
316
3167
1489
3266
237
2977
177
396
2369
1916
1317
300
2109
1048
1146
2687
455
2511
2100
1055
1155
160
908
1089
289
2248
1806
3221
1253
2152
1909
1405
1839
1607
3194
1465
1130
1894
815
267
1264
2100
2738
789
543
1066
2745
209
1792
2159
1146
2775
1609
3111
828
764
567
933
228
2541
2843
2794
895
1424
2835
2893
826
413
2509
3026
1049
883
716
2765
1281
861
811
621
1366
2542
1384
9
2189
2836
2368
1940
2429
2374
3103
296
3320
1210
2068
212
2626
679
555
1478
99
1933
1183
957
2552
1040
112
531
1530
1630
2923
2541
585
36
66
652
256
192
3298
2416
264
1754
1702
960
1450
459
1508
2365
2982
2479
2914
2916
527
530
349
391
3126
1992
1406
2650
967
3110
1262
1476
1845
626
688
2333
2911
2416
228
1060
3046
1365
1654
91
1023
42
47
1465
1797
1604
2861
50
640
472
2984
334
604
365
103
406
2956
2069
2286
1240
637
1828
1467
556
2446
506
3252
1938
2802
2527
1277
128
849
1714
2596
251
1473
2156
3140
1591
1984
1775
3209
1225
1361
794
1813
956
60
2078
1146
22
3183
1099
2265
3065
1418
2008
3128
2255
1006
699
3289
864
2725
3191
616
1135
288
1723
2041
1616
2870
2936
2733
1537
1453
766
1821
3324
1025
1611
3176
1451
861
1279
2323
2747
2112
533
2478
2538
1016
342
2405
3093
2023
3205
28
1476
240
2901
316
3167
1489
3266
237
2977
177
396
2369
1916
1317
300
2109
1048
1146
2687
455
2511
2100
1055
1155
160
908
1089
289
2248
1806
3221
1253
2152
1909
1405
1839
1607
3194
1465
1130
1894
815
267
1264
2100
2738
789
543
1066
2745
209
1792
2159
1146
2775
1609
3111
828
764
567
933
228
2541
2843
2794
895
1424
2835
2893
826
413
2509
3026
1049
883
716
2765
1281
861
811
621
1366
2542
1384
9
2189
2836
2368
1940
2429
2374
3103
296
3320
1210
2068
212
2626
679
555
1478
99
1933
1183
957
2552
1040
112
531
1530
1630
2923
2541
585
36
66
652
256
192
3298
2416
264
1754
1702
960
1450
459
1508
2365
2982
2479
2914
2916
527
530
